6.921523    
   6.921523
6.701340    
   6.701165
5.953269    
   5.953382
4.741376    
   4.741378
3.402697    
   3.402954
2.244751    
   2.244920
1.389636    
   1.389606
0.8214834    
  0.8215384
0.4700036    
  0.4701022
0.2627911    
  0.2628640
0.1445316    
  0.1445941
7.8569584E-02
  7.8607284E-02
4.2342674E-02
  4.2360146E-02
2.2672791E-02
  2.2682449E-02
1.2084188E-02
  1.2088508E-02
6.4177797E-03
  6.4204051E-03
3.3995190E-03
  3.4006357E-03
1.7972244E-03
  1.7978095E-03
9.4869093E-04
  9.4904937E-04
5.0027994E-04
  5.0046813E-04
