5.066545    
   5.066545    
   5.066545    
   5.066545    
   5.066545    
   5.066545    
   5.066545    
   5.066545    
   5.066545    
   5.066545    
   5.066545    
   5.066545    
   5.066545    
   5.066545    
   5.066545    
   5.066545    
   5.066545    
   5.066545    
   5.066545    
   5.066545    
   5.066545    
   5.066545    
   5.066545    
   5.066545    
   5.066545
4.888051    
   4.882216    
   4.866211    
   4.845819    
   4.826993    
   4.814471    
   4.810054    
   4.813856    
   4.826025    
   4.844510    
   4.864810    
   4.881071    
   4.887106    
   4.880973    
   4.865066    
   4.844701    
   4.826100    
   4.813915    
   4.809776    
   4.814299    
   4.826644    
   4.845210    
   4.865797    
   4.881881    
   4.888052
4.320348    
   4.289508    
   4.213113    
   4.124799    
   4.051939    
   4.007483    
   3.992096    
   4.006285    
   4.049987    
   4.122140    
   4.210894    
   4.287725    
   4.319123    
   4.288404    
   4.211359    
   4.122999    
   4.050449    
   4.006152    
   3.991767    
   4.006494    
   4.050902    
   4.123671    
   4.212786    
   4.289736    
   4.320362
3.389779    
   3.331432    
   3.190853    
   3.040073    
   2.925164    
   2.857543    
   2.835272    
   2.856662    
   2.923729    
   3.038486    
   3.188640    
   3.328563    
   3.389224    
   3.329870    
   3.189598    
   3.038505    
   2.923793    
   2.856773    
   2.834978    
   2.856964    
   2.924408    
   3.039946    
   3.190929    
   3.330678    
   3.389752
2.346651    
   2.279550    
   2.124663    
   1.966966    
   1.851277    
   1.783803    
   1.761112    
   1.783435    
   1.850538    
   1.966176    
   2.123764    
   2.277883    
   2.346684    
   2.278651    
   2.124003    
   1.966309    
   1.850349    
   1.783086    
   1.760912    
   1.783241    
   1.851072    
   1.967443    
   2.124953    
   2.279673    
   2.346695
1.459913    
   1.402452    
   1.275451    
   1.151367    
   1.061595    
   1.008572    
  0.9904850    
   1.008079    
   1.061282    
   1.151011    
   1.274864    
   1.401781    
   1.459573    
   1.401855    
   1.274917    
   1.151125    
   1.061089    
   1.007972    
  0.9901420    
   1.008166    
   1.061612    
   1.151606    
   1.275711    
   1.402714    
   1.459930
0.8351408    
  0.7947845    
  0.7084667    
  0.6268052    
  0.5675257    
  0.5316598    
  0.5193141    
  0.5314057    
  0.5672468    
  0.6264762    
  0.7079921    
  0.7944165    
  0.8349769    
  0.7945285    
  0.7082881    
  0.6265507    
  0.5671109    
  0.5313112    
  0.5192428    
  0.5314421    
  0.5674069    
  0.6268355    
  0.7086003    
  0.7948769    
  0.8351298
0.4489923    
  0.4238918    
  0.3717024    
  0.3238771    
  0.2887769    
  0.2670867    
  0.2596714    
  0.2669871    
  0.2885239    
  0.3236896    
  0.3715358    
  0.4237789    
  0.4489793    
  0.4237720    
  0.3717524    
  0.3237091    
  0.2885658    
  0.2669294    
  0.2596624    
  0.2670120    
  0.2887315    
  0.3239214    
  0.3719494    
  0.4239168    
  0.4490011
0.2307164    
  0.2162979    
  0.1872583    
  0.1612110    
  0.1419401    
  0.1299201    
  0.1257764    
  0.1298450    
  0.1418244    
  0.1611126    
  0.1871889    
  0.2162489    
  0.2307055    
  0.2162699    
  0.1872673    
  0.1611839    
  0.1418193    
  0.1297952    
  0.1257780    
  0.1298708    
  0.1419079    
  0.1612510    
  0.1874031    
  0.2163171    
  0.2307238
0.1146849    
  0.1068484    
  9.1544881E-02
  7.8140207E-02
  6.8122797E-02
  6.1817262E-02
  5.9648693E-02
  6.1777100E-02
  6.8068624E-02
  7.8099318E-02
  9.1524258E-02
  0.1068228    
  0.1146546    
  0.1068445    
  9.1572285E-02
  7.8115307E-02
  6.8067685E-02
  6.1755989E-02
  5.9646536E-02
  6.1801370E-02
  6.8109341E-02
  7.8144059E-02
  9.1627389E-02
  0.1068865    
  0.1146900
5.5619504E-02
  5.1534042E-02
  4.3803681E-02
  3.7161753E-02
  3.2156289E-02
  2.8982446E-02
  2.7893938E-02
  2.8966796E-02
  3.2130841E-02
  3.7141223E-02
  4.3797351E-02
  5.1537611E-02
  5.5591870E-02
  5.1551644E-02
  4.3813199E-02
  3.7145738E-02
  3.2126877E-02
  2.8955296E-02
  2.7893029E-02
  2.8978420E-02
  3.2147340E-02
  3.7158597E-02
  4.3842003E-02
  5.1566038E-02
  5.5621974E-02
2.6473993E-02
  2.4423780E-02
  2.0625152E-02
  1.7419919E-02
  1.4999199E-02
  1.3452859E-02
  1.2923354E-02
  1.3445803E-02
  1.4984349E-02
  1.7417004E-02
  2.0622358E-02
  2.4425469E-02
  2.6464028E-02
  2.4428658E-02
  2.0633332E-02
  1.7415538E-02
  1.4984689E-02
  1.3442440E-02
  1.2923392E-02
  1.3449422E-02
  1.4993683E-02
  1.7424740E-02
  2.0651370E-02
  2.4440926E-02
  2.6474219E-02
1.2427192E-02
  1.1419704E-02
  9.5973527E-03
  8.0873901E-03
  6.9381348E-03
  6.2021068E-03
  5.9503820E-03
  6.1985506E-03
  6.9310516E-03
  8.0863899E-03
  9.5978715E-03
  1.1421128E-02
  1.2422821E-02
  1.1422947E-02
  9.6025961E-03
  8.0853002E-03
  6.9317296E-03
  6.1961282E-03
  5.9495107E-03
  6.1992430E-03
  6.9348556E-03
  8.0882218E-03
  9.6073560E-03
  1.1430366E-02
  1.2426172E-02
5.7686241E-03
  5.2850391E-03
  4.4270237E-03
  3.7254675E-03
  3.1892483E-03
  2.8458745E-03
  2.7283784E-03
  2.8443616E-03
  3.1863120E-03
  3.7247017E-03
  4.4268542E-03
  5.2862410E-03
  5.7679568E-03
  5.2860286E-03
  4.4297283E-03
  3.7239543E-03
  3.1870685E-03
  2.8431418E-03
  2.7279491E-03
  2.8440871E-03
  3.1872678E-03
  3.7262328E-03
  4.4310363E-03
  5.2896352E-03
  5.7690041E-03
2.6564563E-03
  2.4265316E-03
  2.0273861E-03
  1.7066378E-03
  1.4598062E-03
  1.3013778E-03
  1.2476001E-03
  1.3006924E-03
  1.4587207E-03
  1.7061991E-03
  2.0276397E-03
  2.4271321E-03
  2.6555893E-03
  2.4270578E-03
  2.0289619E-03
  1.7056487E-03
  1.4586566E-03
  1.3002221E-03
  1.2471884E-03
  1.3006588E-03
  1.4588957E-03
  1.7065936E-03
  2.0295305E-03
  2.4294120E-03
  2.6561276E-03
1.2150254E-03
  1.1071605E-03
  9.2388206E-04
  7.7837473E-04
  6.6619104E-04
  5.9393031E-04
  5.6930829E-04
  5.9349573E-04
  6.6565286E-04
  7.7823561E-04
  9.2423888E-04
  1.1076210E-03
  1.2144139E-03
  1.1073373E-03
  9.2448504E-04
  7.7793468E-04
  6.6563970E-04
  5.9327914E-04
  5.6907290E-04
  5.9358263E-04
  6.6575123E-04
  7.7828777E-04
  9.2498987E-04
  1.1086068E-03
  1.2150615E-03
5.5294763E-04
  5.0274783E-04
  4.1931984E-04
  3.5377868E-04
  3.0331063E-04
  2.7061361E-04
  2.5946886E-04
  2.7039542E-04
  3.0303461E-04
  3.5388698E-04
  4.1958923E-04
  5.0293317E-04
  5.5270665E-04
  5.0295622E-04
  4.1949481E-04
  3.5362862E-04
  3.0303831E-04
  2.7037750E-04
  2.5938591E-04
  2.7042290E-04
  3.0309547E-04
  3.5372339E-04
  4.1979688E-04
  5.0337834E-04
  5.5291352E-04
2.5057080E-04
  2.2751909E-04
  1.8973221E-04
  1.6044844E-04
  1.3785908E-04
  1.2319117E-04
  1.1815508E-04
  1.2308027E-04
  1.3777013E-04
  1.6055247E-04
  1.8987266E-04
  2.2762206E-04
  2.5050950E-04
  2.2760374E-04
  1.8981662E-04
  1.6042984E-04
  1.3774123E-04
  1.2305575E-04
  1.1812458E-04
  1.2309934E-04
  1.3779372E-04
  1.6049961E-04
  1.8998292E-04
  2.2782381E-04
  2.5058255E-04
1.1325219E-04
  1.0267415E-04
  8.5667569E-05
  7.2668423E-05
  6.2600790E-05
  5.6035693E-05
  5.3785800E-05
  5.5991382E-05
  6.2539810E-05
  7.2672512E-05
  8.5673433E-05
  1.0269344E-04
  1.1318323E-04
  1.0267804E-04
  8.5698462E-05
  7.2644187E-05
  6.2521802E-05
  5.5971439E-05
  5.3768184E-05
  5.5990651E-05
  6.2573912E-05
  7.2694791E-05
  8.5757754E-05
  1.0280636E-04
  1.1323291E-04
5.1051404E-05
  4.6231471E-05
  3.8589380E-05
  3.2857264E-05
  2.8397859E-05
  2.5473335E-05
  2.4476263E-05
  2.5460646E-05
  2.8376637E-05
  3.2861481E-05
  3.8611881E-05
  4.6226185E-05
  5.1012135E-05
  4.6226844E-05
  3.8626582E-05
  3.2853957E-05
  2.8365081E-05
  2.5450334E-05
  2.4465233E-05
  2.5460620E-05
  2.8397773E-05
  3.2886870E-05
  3.8644226E-05
  4.6277997E-05
  5.1049014E-05
